SCD 1                   
1 22490U 93009B   21242.61798079  .00000280  00000-0  27166-4 0  9992
2 22490  24.9687 207.3627 0042855 345.3575 175.8122 14.44617730507452
TECHSAT 1B (GO-32)      
1 25397U 98043D   21242.62007578  .00000012  00000-0  24914-4 0  9993
2 25397  98.7748 187.9851 0000789 169.1689 190.9506 14.23714316202044
SCD 2                   
1 25504U 98060A   21242.18875523  .00000251  00000-0  20059-4 0  9997
2 25504  24.9964  62.8346 0017189 353.1375 168.7903 14.44133341206699
LANDSAT 7               
1 25682U 99020A   21242.87549947  .00000038  00000-0  18077-4 0  9995
2 25682  98.0252 297.0794 0001104  74.2569 285.8750 14.57203761190234
DLR-TUBSAT              
1 25757U 99029B   21242.77430578  .00000016  00000-0  15695-4 0  9994
2 25757  98.4531 178.0599 0013316 287.9652  72.0091 14.51448679179218
TERRA                   
1 25994U 99068A   21242.61008600  .00000129  00000-0  38627-4 0  9995
2 25994  98.1714 315.6601 0001446  97.9612  38.3818 14.57134534154145
MAROC-TUBSAT            
1 27004U 01056D   21242.39711670 -.00000021  00000-0  27446-4 0  9991
2 27004  99.5819  18.4553 0019329 324.7025 101.4801 13.70148150986287
AQUA                    
1 27424U 02022A   21242.49625767  .00000232  00000-0  61541-4 0  9990
2 27424  98.2120 182.7707 0002278  71.7361  72.2887 14.57106833 27819
IRS-P6 (RESOURCESAT-1)  
1 28051U 03046A   21242.67315346 -.00000051  00000-0 -29983-5 0  9999
2 28051  98.4413 316.0676 0058998 161.2663 199.0711 14.34183654929344
SHIYAN 1 (SY-1)         
1 28220U 04012A   21242.49482134  .00001635  00000-0  13460-3 0  9999
2 28220  97.8978 222.8824 0015331 233.1295 126.8523 15.00466014946429
FORMOSAT-2 (ROCSAT 2)   
1 28254U 04018A   21242.78813603  .00000043  00000-0  56750-4 0  9995
2 28254  98.6675 261.1146 0000572 144.1874  29.3049 14.00651397883561
AURA                    
1 28376U 04026A   21242.47434078  .00000208  00000-0  56242-4 0  9999
2 28376  98.2127 184.9096 0001446  70.2495 289.8859 14.57114046910851
IRS-P5 (CARTOSAT-1)     
1 28649U 05017A   21242.46038767  .00000247  00000-0  36031-4 0  9994
2 28649  97.7620 306.6151 0002872  90.0378 270.1165 14.83814220883587
SINAH 1                 
1 28893U 05043D   21242.31012094  .00000076  00000-0  24664-4 0  9992
2 28893  98.0779   7.0543 0015349  10.8418 349.3111 14.61582250844423
EROS B                  
1 29079U 06014A   21242.82261757  .00003804  00000-0  16139-3 0  9995
2 29079  97.4138   2.2378 0006845 203.3795 307.7488 15.23695912852112
RESURS-DK 1             
1 29228U 06021A   21242.16932588  .00000434  00000-0  39707-4 0  9996
2 29228  69.9360 150.9918 0003990 190.6847 169.4229 15.02738005838617
ARIRANG-2 (KOMPSAT-2)   
1 29268U 06031A   21242.54164257  .00000125  00000-0  33623-4 0  9991
2 29268  97.9293 118.8957 0016356 205.1405 154.9017 14.62386179805383
LAPAN-TUBSAT            
1 29709U 07001A   21242.49332700  .00000064  00000-0  14711-4 0  9992
2 29709  97.9201 202.1482 0013904 118.8567 241.4038 14.82300815791404
CARTOSAT-2 (IRS-P7)     
1 29710U 07001B   21242.80943575  .00004129  00000-0  12615-3 0  9993
2 29710  97.8721 328.6278 0168651 350.0964   9.6959 15.21706004791950
HAIYANG-1B              
1 31113U 07010A   21242.53436535 -.00000003  00000-0  15078-4 0  9991
2 31113  98.3526 274.7902 0013679 359.5881   0.5289 14.30276244750188
COSMO-SKYMED 1          
1 31598U 07023A   21242.49888650  .00000311  00000-0  45646-4 0  9991
2 31598  97.8922  65.3442 0001459  81.4888 278.6486 14.82153259769862
TERRASAR-X              
1 31698U 07026A   21242.58395058  .00000552  00000-0  29491-4 0  9997
2 31698  97.4477 249.3467 0002123  79.8227  68.9275 15.19154434787966
WORLDVIEW-1 (WV-1)      
1 32060U 07041A   21242.83385496  .00002088  00000-0  87668-4 0  9997
2 32060  97.3798   1.3368 0002275  47.0363 313.1066 15.24561150776196
YAOGAN 3                
1 32289U 07055A   21242.57878255  .00000208  00000-0  33630-4 0  9998
2 32289  97.9707 261.4924 0001694  78.3256 281.8145 14.81111979745988
COSMO-SKYMED 2          
1 32376U 07059A   21242.53268841 -.00000017  00000-0  44669-5 0  9993
2 32376  97.8929  65.3842 0001434  89.2802 270.8605 14.82159261742613
RADARSAT-2              
1 32382U 07061A   21242.61897847  .00000061  00000-0  40441-4 0  9997
2 32382  98.5768 248.7881 0001276  87.6459  21.1684 14.29983134715735
CARTOSAT-2A             
1 32783U 08021A   21242.70784511 -.00001191  00000-0 -15519-3 0  9996
2 32783  97.9190 300.3864 0013233  33.4998 326.7055 14.78682283720053
HUANJING 1A (HJ-1A)     
1 33320U 08041A   21242.86647566  .00000118  00000-0  23291-4 0  9994
2 33320  97.7171 283.9579 0022655  95.8356 264.5431 14.77668304699470
HUANJING 1B (HJ-1B)     
1 33321U 08041B   21242.57017369  .00000214  00000-0  36795-4 0  9995
2 33321  97.7372 286.6406 0036048 113.8949 246.6055 14.77410650699431
GEOEYE 1                
1 33331U 08042A   21242.49239314 -.00001094  00000-0 -19810-3 0  9991
2 33331  98.1426 316.1825 0010274 109.0161 251.2200 14.64348246693780
THEOS                   
1 33396U 08049A   21242.50972147  .00000169  00000-0  10000-3 0  9991
2 33396  98.6839 308.7359 0001113  92.8124  21.7802 14.20051659669370
COSMO-SKYMED 3          
1 33412U 08054A   21242.71828733 -.00000234  00000-0 -22789-4 0  9993
2 33412  97.8934  65.5612 0001600  91.7383 268.4008 14.82154330695108
YAOGAN 4                
1 33446U 08061A   21242.45348092  .00000292  00000-0  48305-4 0  9998
2 33446  97.7795 187.1022 0016375   2.1288 357.9989 14.77137548686636
GOSAT (IBUKI)           
1 33492U 09002A   21242.54917591  .00000241  00000-0  51015-4 0  9997
2 33492  98.0938 353.3946 0001594 100.3235 259.8149 14.67537559674553
YAOGAN 6                
1 34839U 09021A   21242.50735547  .00001775  00000-0  67659-4 0  9993
2 34839  97.0536 232.4589 0025506 254.9572 104.8845 15.27664553686817
DEIMOS-1                
1 35681U 09041A   21242.86004120  .00000098  00000-0  23052-4 0  9992
2 35681  97.7494 103.2724 0002964  86.6835 273.4721 14.71909688649021
DUBAISAT-1              
1 35682U 09041B   21242.45619305  .00000034  00000-0  13647-4 0  9994
2 35682  97.7691  44.3969 0010029 284.2339  75.7746 14.68911184647560
OCEANSAT-2              
1 35931U 09051A   21242.82593827  .00000077  00000-0  30630-4 0  9991
2 35931  98.2964 337.8197 0002632 118.9601 241.1860 14.50859981632124
WORLDVIEW-2 (WV-2)      
1 35946U 09055A   21242.84353199 -.00000025  00000-0  61082-5 0  9999
2 35946  98.4803 316.4453 0002274 117.7127 242.4277 14.37671792624151
SMOS                    
1 36036U 09059A   21242.53702244  .00000060  00000-0  33030-4 0  9998
2 36036  98.4451  69.2479 0001286  92.2116 267.9219 14.39751776621405
YAOGAN 7                
1 36110U 09069A   21242.89547831  .00000042  00000-0  14143-4 0  9994
2 36110  98.2292  93.2262 0023105 251.1676 108.7038 14.75506433631294
TANDEM-X                
1 36605U 10030A   21242.44998627  .00000679  00000-0  35526-4 0  9991
2 36605  97.4469 249.2148 0002042  82.9432  53.6370 15.19155446620684
CARTOSAT-2B             
1 36795U 10035A   21242.47519757  .00000112  00000-0  22421-4 0  9994
2 36795  97.9945 300.3826 0015260 103.2517 257.0400 14.78656629601065
YAOGAN 10               
1 36834U 10038A   21242.57347998  .00000053  00000-0  13687-4 0  9996
2 36834  97.9807 249.7314 0001656  74.6632 285.4767 14.81066973597726
COSMO-SKYMED 4          
1 37216U 10060A   21242.81530930 -.00000846  00000-0 -99793-4 0  9997
2 37216  97.8923  65.6545 0001516  76.3402 283.7980 14.82146886585200
RESOURCESAT-2           
1 37387U 11015A   21242.45764484  .00000013  00000-0  25418-4 0  9997
2 37387  98.6372 314.9909 0004026 173.8235 186.2996 14.21659265537817
HAIYANG-2A              
1 37781U 11043A   21242.87127312 -.00000021  00000-0  22129-4 0  9991
2 37781  99.3171 248.8031 0000269 112.9934 247.1246 13.78722298505599
RASAT                   
1 37791U 11044D   21242.73698364  .00000081  00000-0  24233-4 0  9991
2 37791  98.1047 335.1978 0021091 329.6838  30.3148 14.64848999536551
MEGHA-TROPIQUES         
1 37838U 11058A   21242.44029924  .00000234  00000-0 -16492-4 0  9995
2 37838  19.9764 243.2037 0010368 332.9968  26.9897 14.09793843442667
SRMSAT                  
1 37841U 11058D   21242.26266726  .00000335  00000-0  39313-4 0  9990
2 37841  19.9708 214.9705 0011895  25.7607   3.5735 14.10702267510074
YAOGAN 13               
1 37941U 11072A   21242.85958377  .00001228  00000-0  61907-4 0  9998
2 37941  97.5934 185.3538 0001920  23.2828  39.2412 15.19085586540663
PLEIADES 1A             
1 38012U 11076F   21242.85290354  .00000002  00000-0  10244-4 0  9993
2 38012  98.1961 317.1205 0001246  95.0139 265.1190 14.58556502516714
ZIYUAN 1-02C (ZY 1-02C) 
1 38038U 11079A   21242.52721020  .00000061  00000-0  37053-4 0  9999
2 38038  98.6324 302.8326 0008115  53.5772 306.6163 14.35277713507753
ZIYUAN 3-1 (ZY 3-1)     
1 38046U 12001A   21242.85489101  .00001496  00000-0  69795-4 0  9992
2 38046  97.3762 315.3657 0003609  74.9088  59.4665 15.21366354535421
ARIRANG-3 (KOMPSAT-3)   
1 38338U 12025B   21242.52816565  .00000051  00000-0  19590-4 0  9998
2 38338  98.1459 181.1994 0009976 200.3026 159.7775 14.61729047495471
KANOPUS-V 1             
1 38707U 12039A   21242.79738019  .00001966  00000-0  94751-4 0  9997
2 38707  97.4607 162.5545 0001861  81.3022 353.2839 15.19891832505224
EXACTVIEW-1 (ADS-1B)    
1 38709U 12039C   21242.39798584  .00000001  00000-0  20977-4 0  9996
2 38709  99.0534 296.0241 0011222 169.5107 190.6307 14.24057030473310
SPOT 6                  
1 38755U 12047A   21242.52568145 -.00000002  00000-0  93997-5 0  9994
2 38755  98.1965 309.2478 0001375  80.0857 280.0502 14.58555051477740
PLEIADES 1B             
1 39019U 12068A   21242.54428192  .00000012  00000-0  12465-4 0  9990
2 39019  98.1921 316.8498 0001489  93.6706 266.4667 14.58553488465526
GOKTURK 2               
1 39030U 12073A   21242.87801298  .00000057  00000-0  16372-4 0  9997
2 39030  97.8934 125.7273 0001649 126.4640 233.6726 14.72830778466582
LANDSAT 8               
1 39084U 13008A   21242.74647333  .00000100  00000-0  32256-4 0  9997
2 39084  98.2197 312.2890 0001215  86.5378 273.5959 14.57106204454668
SARAL                   
1 39086U 13009A   21242.52186869  .00000009  00000-0  19717-4 0  9993
2 39086  98.5478  67.4627 0001909  68.0610 292.0777 14.32059444444845
GAOFEN 1                
1 39150U 13018A   21242.58188700  .00000102  00000-0  21717-4 0  9994
2 39150  97.8268 313.1087 0019875 136.1043 224.1755 14.76576121449813
VNREDSAT 1              
1 39160U 13021B   21242.82713724  .00000075  00000-0  23783-4 0  9990
2 39160  98.1095 318.8020 0001499  89.3063 270.8306 14.62977622444124
ARIRANG-5 (KOMPSAT-5)   
1 39227U 13042A   21242.48108384  .00000796  00000-0  61210-4 0  9996
2 39227  97.6295  66.8444 0001432  61.4801  20.1957 15.04511450440531
SKYSAT-A                
1 39418U 13066C   21242.48739746  .00001189  00000-0  10186-3 0  9998
2 39418  97.5864 317.4572 0022962 156.5542 203.6734 14.99212146425054
DUBAISAT-2              
1 39419U 13066D   21242.81358132  .00000801  00000-0  79287-4 0  9990
2 39419  97.4849 283.9680 0014002 167.3136 192.8453 14.94376781423785
GPM-CORE                
1 39574U 14009C   21242.52840102  .00012197  00000-0  17901-3 0  9996
2 39574  65.0051  98.1534 0010955 283.2831  76.7093 15.55797943426340
SENTINEL-1A             
1 39634U 14016A   21242.71048912 -.00000006  00000-0  84088-5 0  9990
2 39634  98.1821 249.4290 0001395  84.3312 275.8033 14.59198276394629
KAZEOSAT 1              
1 39731U 14024A   21242.81588605  .00000011  00000-0  16783-4 0  9997
2 39731  98.4984 315.2388 0001522  84.6424 275.4935 14.41970982386204
ALOS-2                  
1 39766U 14029A   21242.51597244  .00000107  00000-0  21147-4 0  9992
2 39766  97.9231 338.8182 0001572  87.4678 272.6713 14.79472490392618
KAZEOSAT 2              
1 40010U 14033A   21242.72832347  .00000063  00000-0  14426-4 0  9993
2 40010  97.7567 132.4826 0014820 313.6662  46.3348 14.82082262389380
HODOYOSHI-4             
1 40011U 14033B   21242.75004915  .00000135  00000-0  23749-4 0  9997
2 40011  97.7177 122.3267 0025877 310.8978  48.9993 14.81345056389058
DEIMOS-2                
1 40013U 14033D   21242.69319366  .00000195  00000-0  29118-4 0  9993
2 40013  97.7822 141.8941 0002045  39.9680 320.1709 14.84872743390045
HODOYOSHI-3             
1 40015U 14033F   21242.84878502  .00000081  00000-0  17816-4 0  9990
2 40015  97.6779 105.7640 0036281 332.1505  27.7764 14.78688185388388
SPOT 7                  
1 40053U 14034A   21242.55954960  .00000000  00000-0  98469-5 0  9999
2 40053  98.2123 309.1673 0001618  76.2996 283.8386 14.58546945381688
SKYSAT-B                
1 40072U 14037D   21242.55054192  .00000311  00000-0  47218-4 0  9991
2 40072  98.4469  91.0154 0006718 157.9894 202.1607 14.81445109386170
WORLDVIEW-3 (WV-3)      
1 40115U 14048A   21242.71398471  .00000107  00000-0  18783-4 0  9998
2 40115  97.8410 316.4891 0001475  15.9357 344.1912 14.85068819381995
GAOFEN 2                
1 40118U 14049A   21242.51672907  .00000145  00000-0  25458-4 0  9998
2 40118  97.7991 314.7205 0007643 170.6842 189.4526 14.80676521380048
YAOGAN 21               
1 40143U 14053A   21242.46923532  .00002242  00000-0  96205-4 0  9996
2 40143  97.3897 309.9694 0017042 159.6342 328.7786 15.23628254388245
YAOGAN 22               
1 40275U 14063A   21242.88228443 -.00000027  00000-0  47166-4 0  9990
2 40275 100.5383 359.5493 0006409 179.7109 180.4006 13.15430751329543
ASNARO                  
1 40298U 14070A   21242.50091644  .00001237  00000-0  61360-4 0  9998
2 40298  97.4810 322.2934 0001895 107.1424 309.8677 15.19588220378011
HODOYOSHI-1             
1 40299U 14070B   21242.51772088  .00001542  00000-0  64676-4 0  9990
2 40299  97.2815 314.0834 0014496  86.7608 330.5622 15.24885465378704
QSAT-EOS                
1 40301U 14070D   21242.50334507  .00004627  00000-0  16437-3 0  9991
2 40301  97.2483 312.2528 0025362  70.7915  56.7424 15.29201965378975
YAOGAN 23               
1 40305U 14071A   21242.83691816  .00001676  00000-0  83300-4 0  9996
2 40305  97.5665 187.5698 0002388  73.3828   4.8669 15.19047788376412
YAOGAN 24               
1 40310U 14072A   21242.66906361  .00000122  00000-0  24950-4 0  9999
2 40310  97.9467   2.2942 0020312 130.8921 229.4059 14.76281232365330
CBERS 4                 
1 40336U 14079A   21242.53512512  .00000006  00000-0  17434-4 0  9991
2 40336  98.5177 315.6703 0000838 114.3359 245.7917 14.35432295352671
RESURS P2               
1 40360U 14087A   21242.52643728  .00001665  00000-0  52150-4 0  9996
2 40360  97.2266 328.4923 0011073  58.3424 358.7864 15.34442419373625
YAOGAN 26               
1 40362U 14088A   21242.84906802  .00001825  00000-0  78626-4 0  9993
2 40362  97.1939 300.3870 0009420  31.2141  81.1455 15.23757018371771
SMAP                    
1 40376U 15003A   21242.56606762  .00000135  00000-0  35231-4 0  9995
2 40376  98.1251 248.6465 0001934  78.2431 281.8988 14.63396353351449
KOMPSAT-3A              
1 40536U 15014A   21242.83735405  .00001138  00000-0  69732-4 0  9999
2 40536  97.5382 183.6162 0004238  72.9055 343.3371 15.12148623355129
SENTINEL-2A             
1 40697U 15028A   21242.70403371  .00000013  00000-0  21676-4 0  9998
2 40697  98.5651 316.6303 0001300  90.2284 269.9048 14.30819690323279
GAOFEN 8                
1 40701U 15030A   21242.54857148  .00002293  00000-0  99189-4 0  9990
2 40701  97.5246  10.6599 0008384  52.0548  78.4207 15.23454180344095
CARBONITE 1 (CBNT-1)    
1 40718U 15032D   21242.87427079  .00000168  00000-0  32150-4 0  9996
2 40718  97.7775 114.2250 0015294 232.4819 127.5005 14.75001179330583
YAOGAN 27               
1 40878U 15040A   21242.66244585 -.00000021  00000-0  58662-4 0  9993
2 40878 100.1721 281.2713 0007700 296.3734  63.6587 13.15969613288785
GAOFEN 9-01             
1 40894U 15047A   21242.83691978  .00000076  00000-0  18084-4 0  9992
2 40894  97.8530 316.8904 0034458  70.7336 289.7593 14.76317163321301
LAPAN-A2                
1 40931U 15052B   21242.43210445  .00000711  00000-0  98434-5 0  9996
2 40931   5.9964  84.7400 0013666   8.2545 351.7825 14.76685980320258
YAOGAN 28               
1 41026U 15064A   21242.81990227  .00001758  00000-0  76643-4 0  9999
2 41026  97.5142  19.4174 0001992  84.0255  57.4333 15.23535613323988
YAOGAN 29               
1 41038U 15069A   21242.68387236  .00000030  00000-0  10858-4 0  9990
2 41038  98.0418 236.8545 0000716  62.3735 297.7541 14.80519808311263
KENT RIDGE 1            
1 41167U 15077B   21242.44562082  .00001102  00000-0  26907-4 0  9993
2 41167  14.9817 168.5868 0011186 313.4601 194.6872 15.09398889315206
TELEOS 1                
1 41169U 15077D   21242.37358564  .00001782  00000-0  64280-4 0  9995
2 41169  14.9762 145.9675 0010315 353.4377   6.5870 15.11185106315409
GAOFEN 4                
1 41194U 15083A   21242.81335372 -.00000337  00000-0  00000+0 0  9992
2 41194   0.0441 125.2405 0001500 107.2175 145.2500  1.00274555 20938
JASON-3                 
1 41240U 16002A   21242.52967808 -.00000050  00000-0  48696-4 0  9999
2 41240  66.0410 173.1591 0007991 268.9513  91.0587 12.80929534262651
SENTINEL-3A             
1 41335U 16011A   21242.79301645 -.00000001  00000-0  17620-4 0  9993
2 41335  98.6196 309.2509 0001068  82.0637 278.0665 14.26738749288324
SENTINEL-1B             
1 41456U 16025A   21242.88143417  .00000004  00000-0  10611-4 0  9998
2 41456  98.1818 249.4224 0001403  78.8890 281.2466 14.59198251284819
ZIYUAN 3-2 (ZY 3-2)     
1 41556U 16033A   21242.54823329  .00001428  00000-0  66821-4 0  9993
2 41556  97.3199 312.7978 0000457 324.2010 146.4456 15.21309115291679
NUSAT-1 (FRESCO)        
1 41557U 16033B   21242.52225020  .00003286  00000-0  11632-3 0  9999
2 41557  97.3941 336.0650 0012168 339.7939 151.0435 15.29798479292857
NUSAT-2 (BATATA)        
1 41558U 16033C   21242.81841870  .00003575  00000-0  11848-3 0  9999
2 41558  97.4062 340.5278 0010875 332.0364 184.0895 15.31900193293106
CARTOSAT-2C             
1 41599U 16040A   21242.87390549  .00001135  00000-0  56914-4 0  9994
2 41599  97.3928 300.6886 0015293 113.7754 294.7456 15.19261929287815
SKYSAT-C1               
1 41601U 16040C   21242.74246471  .00005703  00000-0  14667-3 0  9991
2 41601  97.1871 318.8636 0002166  67.1247 293.0228 15.39651019289256
LAPAN-A3                
1 41603U 16040E   21242.84989701  .00000419  00000-0  22395-4 0  9991
2 41603  97.2490 286.9323 0015085 100.2083   8.3273 15.20084527287883
BIROS                   
1 41604U 16040F   21242.85688969  .00001438  00000-0  64429-4 0  9991
2 41604  97.2562 292.8009 0013829  80.4372 279.8427 15.22721539288223
GAOFEN 3                
1 41727U 16049A   21242.91332182 -.00000034  00000-0  28659-5 0  9994
2 41727  98.4105 250.3523 0001994  85.3799 274.7620 14.42212226266215
SKYSAT-C4               
1 41771U 16058B   21242.50370251  .00006198  00000-0  16031-3 0  9992
2 41771  97.1607 309.7655 0001548  91.1515 268.9909 15.39439396276175
SKYSAT-C5               
1 41772U 16058C   21242.84280072  .00001552  00000-0  65573-4 0  9996
2 41772  97.3073 309.0008 0001815 100.1480 259.9963 15.24699073275475
SKYSAT-C2               
1 41773U 16058D   21242.41084582  .00005623  00000-0  14517-3 0  9992
2 41773  97.1613 310.0333 0001730 119.4299 240.7120 15.39536374276186
SKYSAT-C3               
1 41774U 16058E   21242.81652963  .00004167  00000-0  10843-3 0  9991
2 41774  97.1610 310.3677 0001570  94.1009 266.0416 15.39445499276230
ALSAT 1B                
1 41785U 16059C   21242.52040561  .00000023  00000-0  13378-4 0  9991
2 41785  97.9536 290.4650 0031564  11.0928 349.0970 14.63410677263116
PATHFINDER 1            
1 41787U 16059E   21242.37965784  .00000070  00000-0  22266-4 0  9997
2 41787  97.9592 291.9053 0030972   8.9164 351.2583 14.63832833263153
SCATSAT 1               
1 41790U 16059H   21242.57346163  .00000030  00000-0  18920-4 0  9995
2 41790  98.3634 284.0385 0005997  26.2677 333.8825 14.50822250260892
WORLDVIEW-4             
1 41848U 16067A   21242.71775838  .00149809  00000-0  68102-3 0  9993
2 41848  97.8044  42.0581 0003853 264.1237  95.9592 15.83448260265332
GOKTURK 1A              
1 41875U 16073A   21242.55775298 -.00003370  00000-0 -65264-3 0  9992
2 41875  98.1516 136.2345 0001862  88.0757 272.0806 14.62739139252754
RESOURCESAT-2A          
1 41877U 16074A   21242.70614363 -.00000050  00000-0 -25454-5 0  9998
2 41877  98.7494 316.0042 0002592  95.2360 264.9110 14.21613471245452
CARTOSAT-2D             
1 41948U 17008A   21242.44124756  .00000926  00000-0  47131-4 0  9993
2 41948  97.4352 301.6445 0005496 261.8351  98.2296 15.19259707251618
SENTINEL-2B             
1 42063U 17013A   21242.45922792  .00000012  00000-0  21115-4 0  9995
2 42063  98.5645 316.3749 0001256  74.5061 285.6262 14.30821600234155
ZHUHAI-1 02 (CAS-4B)    
1 42759U 17034B   21242.76757647  .00001018  00000-0  74269-4 0  9994
2 42759  43.0169 132.4930 0009614 273.2392 192.2378 15.10331795232387
NUSAT-3 (MILANESAT)     
1 42760U 17034C   21242.83931265  .00000856  00000-0  63567-4 0  9992
2 42760  43.0159 128.6372 0009416 293.8757 153.4089 15.10934867232442
ZHUHAI-1 01 (CAS-4A)    
1 42761U 17034D   21242.80735372  .00001097  00000-0  78843-4 0  9992
2 42761  43.0178 131.2745 0009923 274.4102 120.2433 15.10420570232390
CARTOSAT-2E             
1 42767U 17036C   21242.86917240  .00001015  00000-0  51458-4 0  9995
2 42767  97.4978 301.3765 0007475 318.8046 142.0331 15.19230492232243
FORMOSAT-5              
1 42920U 17049A   21242.47560730  .00000041  00000-0  21451-4 0  9993
2 42920  98.2664 320.6063 0011958  68.5244 291.7232 14.50868651212675
SENTINEL-5P             
1 42969U 17064A   21242.44129111 -.00000001  00000-0  20468-4 0  9998
2 42969  98.7396 181.3684 0001211  81.0270 279.1043 14.19545657201037
SKYSAT-C11              
1 42987U 17068A   21242.31554295  .00006824  00000-0  17168-3 0  9993
2 42987  97.2662 357.7959 0007572 264.6041  95.4342 15.40233878213580
SKYSAT-C10              
1 42988U 17068B   21242.55976461  .00006903  00000-0  17338-3 0  9990
2 42988  97.2702 358.0671 0002162 359.3066   0.8177 15.40304222213645
SKYSAT-C9               
1 42989U 17068C   21242.55345182  .00006912  00000-0  17411-3 0  9993
2 42989  97.2655 357.4115 0002685 114.0727 246.0801 15.40213555213836
SKYSAT-C8               
1 42990U 17068D   21242.54288952  .00006962  00000-0  17500-3 0  9999
2 42990  97.2707 358.4335 0000831  80.5207 279.6133 15.40278198213667
SKYSAT-C7               
1 42991U 17068E   21242.33535613  .00006807  00000-0  17080-3 0  9997
2 42991  97.2712 358.2580 0002454  66.4131 293.7372 15.40339367213631
SKYSAT-C6               
1 42992U 17068F   21242.32424626  .00006923  00000-0  17355-3 0  9992
2 42992  97.2731 358.5536 0002678 112.4481 247.7050 15.40361044213645
CARTOSAT-2F             
1 43111U 18004A   21242.44478641  .00000915  00000-0  46660-4 0  9993
2 43111  97.4921 301.0812 0003526 348.8346 133.0679 15.19247406201361
NUSAT-4 (ADA)           
1 43195U 18015D   21242.56729259  .00002849  00000-0  11298-3 0  9990
2 43195  97.4970  16.2980 0016435 358.8136  66.9850 15.26113037198820
NUSAT-5 (MARYAM)        
1 43204U 18015K   21242.55579955  .00002871  00000-0  11295-3 0  9998
2 43204  97.4981  16.6931 0016148   0.3376  67.1646 15.26368412198442
GAOFEN 1-02             
1 43259U 18031A   21242.72726709  .00000110  00000-0  22945-4 0  9995
2 43259  97.9298 320.1045 0002941 204.7662 155.3412 14.76520794184242
GAOFEN 1-03             
1 43260U 18031B   21242.77353646  .00000095  00000-0  20894-4 0  9991
2 43260  97.9296 320.1351 0004119 306.2664  53.8165 14.76517013184248
GAOFEN 1-04             
1 43262U 18031D   21242.54545397  .00000139  00000-0  27153-4 0  9998
2 43262  97.9303 319.9212 0002985 241.2852 118.8066 14.76516774184208
SENTINEL-3B             
1 43437U 18039A   21242.41509153  .00000020  00000-0  26492-4 0  9990
2 43437  98.6238 308.8785 0001204  76.1222 284.0093 14.26737903174331
GAOFEN 5                
1 43461U 18043A   21242.55652878  .00000031  00000-0  16896-4 0  9999
2 43461  98.2346 180.3268 0002969  98.0502 262.1028 14.57835704176278
GAOFEN 6                
1 43484U 18048A   21242.57457097  .00000091  00000-0  20392-4 0  9999
2 43484  97.9554 322.7019 0010940  66.3517 293.8847 14.76504493174916
GAOFEN 11-1             
1 43585U 18063A   21242.81226126  .00001651  00000-0  71737-4 0  9994
2 43585  97.3499 320.4549 0016005 109.5967  30.6851 15.23575718172135
AEOLUS                  
1 43600U 18066A   21242.52622216  .00108525  00000-0  41799-3 0  9995
2 43600  96.7153 248.2024 0004800  91.7285 268.4538 15.87025168174991
ICESAT-2                
1 43613U 18070A   21242.39831905  .00000018  00000-0  40543-6 0  9993
2 43613  92.0041 179.6903 0003484  80.2452 279.9190 15.28264634164920
HYSIS                   
1 43719U 18096A   21242.53411883  .00000082  00000-0  17529-4 0  9990
2 43719  97.8533 306.4987 0005761 173.5230 186.6067 14.80346752148566
KAZSTSAT                
1 43783U 18099AB  21242.45232837  .00000247  00000-0  28651-4 0  9996
2 43783  97.6705 310.5018 0008842 151.8026 208.3675 14.93683405149361
SAUDISAT 5A             
1 43831U 18102A   21242.66129659  .00000109  00000-0  11022-4 0  9996
2 43831  97.5293 317.0569 0015996  94.5423  49.8929 15.08367534150339
SAUDISAT 5B             
1 43833U 18102C   21242.56424510  .00001292  00000-0  85915-4 0  9997
2 43833  97.5313 317.6473 0016953 101.7073   8.4377 15.08812875150353
GAOFEN 10R              
1 44622U 19066A   21242.58002350  .00000145  00000-0  25627-4 0  9990
2 44622  97.8594 182.0151 0000968  68.6487 291.4825 14.80574350102968
CARTOSAT-3              
1 44804U 19081A   21242.79244803  .00000845  00000-0  43232-4 0  9992
2 44804  97.4411 304.5501 0014309 147.0287 340.5320 15.19266766 97509
GAOFEN 12-1             
1 44819U 19082A   21242.73797505  .00000011  00000-0  82001-5 0  9998
2 44819  97.8837 263.7025 0001778  63.6257 296.5128 14.80273689 94933
NUSAT-7 (SOPHIE)        
1 45017U 20003B   21242.83554410  .00003182  00000-0  10966-3 0  9992
2 45017  97.2588 306.2362 0012383 325.3714 146.1705 15.30674792 90728
NUSAT-8 (MARIE)         
1 45018U 20003C   21242.86680883  .00003671  00000-0  11874-3 0  9992
2 45018  97.2704 306.4892 0011069 329.7005 142.5984 15.32639711 90701
NUSAT-6 (HYPATIA)       
1 46272U 20061A   21242.88903978  .00001869  00000-0  84025-4 0  9990
2 46272  97.3640 315.0804 0008302  25.3608 334.8031 15.22326632 54991
NEMO-HD                 
1 46277U 20061F   21242.48377501  .00000649  00000-0  36751-4 0  9996
2 46277  97.4282 314.7305 0003268  98.7686  27.3946 15.16455192 54757
NUSAT-12 (DOROTHY)      
1 46827U 20079A   21242.50278162  .00003849  00000-0  12654-3 0  9992
2 46827  97.2357 314.1248 0007708 265.0314 153.2180 15.32105605 45500
NUSAT-9 (ALICE)         
1 46828U 20079B   21242.79372398  .00003946  00000-0  12746-3 0  9990
2 46828  97.2214 314.3894 0002159 330.6659 146.6403 15.32680600 45572
NUSAT-11 (CORA)         
1 46829U 20079C   21242.74618551  .00003847  00000-0  12440-3 0  9991
2 46829  97.2277 314.3833 0005839 282.6596 232.3950 15.32646357 45558
NUSAT-15 (KATHERINE)    
1 46830U 20079D   21242.78434501  .00003862  00000-0  12502-3 0  9994
2 46830  97.2423 315.0321 0002886 238.8897 240.8397 15.32622771 45574
NUSAT-14 (HEDY)         
1 46831U 20079E   21242.47042416  .00003478  00000-0  11266-3 0  9990
2 46831  97.2379 314.4391 0007217 280.1761 206.9834 15.32658066 45517
NUSAT-10 (CAROLINE)     
1 46832U 20079F   21242.87713631  .00003595  00000-0  11612-3 0  9994
2 46832  97.2386 314.8035 0007127 276.3987 196.5878 15.32726364 45577
NUSAT-13 (EMMY)         
1 46833U 20079G   21242.78762895  .00003567  00000-0  11536-3 0  9995
2 46833  97.2383 314.7787 0006716 279.3566 201.1087 15.32690849 45569
NUSAT-17 (MARY)         
1 46835U 20079J   21242.81964852  .00003659  00000-0  11944-3 0  9993
2 46835  97.2379 314.7115 0007340 296.9936 132.9133 15.32368284 45569
NUSAT-18 (VERA)         
1 46836U 20079K   21242.75780551  .00003210  00000-0  10418-3 0  9997
2 46836  97.2388 314.8359 0007974 305.5337 211.8881 15.32644223 45563
NUSAT-16 (LISE)         
1 46840U 20079P   21242.77245088  .00003337  00000-0  10824-3 0  9996
2 46840  97.2408 314.8435 0005464 304.7261 173.2983 15.32652549 45569
SENTINEL-6              
1 46984U 20086A   21242.21770903 -.00000061  00000-0  00000-0 0  9995
2 46984  66.0420 173.9359 0007950 263.7442  96.2667 12.80929845 36066
GAOFEN 12-2             
1 48079U 21026A   21242.77247064  .00000030  00000-0  10601-4 0  9992
2 48079  97.8703 233.6157 0001875 107.0871 253.0544 14.80278640 22621
NUSAT-19 (ROSALIND)     
1 48905U 21059AC  21242.87016546  .00001860  00000-0  97985-4 0  9998
2 48905  97.4731  10.7051 0011380  13.9675 103.0922 15.16801276  9998
NUSAT-22 (SOFYA)        
1 48919U 21059AS  21242.61894064  .00690171  00000-0  28497-1 0  9992
2 48919  97.4346  10.5509 0016546 356.9526 133.2242 15.21646748  9969
NUSAT-21 (ELISA)        
1 48920U 21059AT  21242.75316936  .00630422  00000-0  25699-1 0  9990
2 48920  97.4309  10.6631 0015761   2.0934 136.4909 15.21921081  9980
NUSAT-20 (GRACE)        
1 48921U 21059AU  21242.41025014  .00002344  00000-0  10679-3 0  9998
2 48921  97.4370  10.3574 0015914  30.7240  41.1775 15.21555414  9931
