NOAA 15                 
1 25338U 98030A   21242.81018064  .00000047  00000-0  38019-4 0  9996
2 25338  98.6783 270.6540 0011422  67.4085 292.8302 14.26055364211846
DMSP 5D-3 F15 (USA 147) 
1 25991U 99067A   21242.60722618  .00000029  00000-0  37558-4 0  9993
2 25991  99.0222 224.6704 0009022 297.3190 180.3086 14.16451107122596
METEOSAT-8 (MSG-1)      
1 27509U 02040B   21242.18302528  .00000133  00000-0  00000-0 0  9996
2 27509   7.5013  52.1119 0001139 104.3086 289.4531  1.00270688 69690
DMSP 5D-3 F16 (USA 172) 
1 28054U 03048A   21242.56596484 -.00000039  00000-0  31786-5 0  9995
2 28054  98.9595 227.3206 0008439  63.0970  48.1288 14.13635714921825
NOAA 18                 
1 28654U 05018A   21242.74624619  .00000108  00000-0  82405-4 0  9991
2 28654  98.9884 307.8863 0015229  74.5143 285.7709 14.12633988839026
METEOSAT-9 (MSG-2)      
1 28912U 05049B   21242.25515983  .00000014  00000-0  00000-0 0  9994
2 28912   5.3674  68.0305 0001054  34.1967 331.8537  1.00266749 57479
FORMOSAT-3 FM6          
1 29047U 06011A   21242.52862467 -.00000155  00000-0 -44318-4 0  9998
2 29047  71.9761 293.7463 0049815  22.3030 338.0256 14.28832787804005
FORMOSAT-3 FM1          
1 29048U 06011B   21242.34807911  .00000119  00000-0  63165-4 0  9991
2 29048  71.9658 204.5101 0044479 341.3293  18.6209 14.28796960806458
FORMOSAT-3 FM5          
1 29049U 06011C   21242.53532372  .00000123  00000-0  64455-4 0  9997
2 29049  72.0222  18.2756 0035054   3.4732 356.6641 14.28878708802279
FORMOSAT-3 FM3          
1 29050U 06011D   21242.08478759  .00000230  00000-0  58335-4 0  9996
2 29050  72.0157 120.3999 0051469 248.3267 111.2400 14.59105200820286
FORMOSAT-3 FM4          
1 29051U 06011E   21242.80476150  .00000146  00000-0  72269-4 0  9998
2 29051  72.0035 278.9318 0070038 245.9258 113.4540 14.28910973804933
FORMOSAT-3 FM2          
1 29052U 06011F   21242.56204591  .00000108  00000-0  58384-4 0  9990
2 29052  72.0367 354.9426 0041411 322.5882  37.2372 14.29020581802353
EWS-G1 (GOES 13)        
1 29155U 06018A   21242.50109704  .00000034  00000-0  00000-0 0  9991
2 29155   0.0757 136.9491 0006683  64.8360  18.9931  1.00275034 25815
METOP-A                 
1 29499U 06044A   21242.59929700  .00000012  00000-0  24581-4 0  9996
2 29499  98.4668 278.8879 0001778  86.8619  28.7282 14.21508458771277
DMSP 5D-3 F17 (USA 191) 
1 29522U 06050A   21242.61800880 -.00000016  00000-0  14309-4 0  9992
2 29522  98.7827 257.9188 0010058  15.7810 344.3675 14.14040552764790
FENGYUN 3A              
1 32958U 08026A   21242.82355286  .00000027  00000-0  33079-4 0  9998
2 32958  98.4572 213.0490 0009417 138.0705 222.1194 14.18666212687120
FENGYUN 2E              
1 33463U 08066A   21242.57782486 -.00000206  00000-0  00000-0 0  9996
2 33463   5.2680  66.8502 0002893 337.2125 229.3897  1.00276601 46524
NOAA 19                 
1 33591U 09005A   21242.78731700  .00000068  00000-0  61989-4 0  9990
2 33591  99.1812 265.3245 0012936 285.0761  74.8978 14.12492216647417
GOES 14                 
1 35491U 09033A   21242.54906328 -.00000096  00000-0  00000-0 0  9991
2 35491   0.4285 279.7324 0014909 290.0830 222.5479  1.00273092 44555
METEOR-M 1              
1 35865U 09049A   21242.50546648  .00000038  00000-0  36201-4 0  9995
2 35865  98.4861 218.0439 0002560  21.0859 339.0424 14.22282015620189
DMSP 5D-3 F18 (USA 210) 
1 35951U 09057A   21242.53276641  .00000146  00000-0  10018-3 0  9993
2 35951  98.6862 224.6821 0010672 189.9348 170.1616 14.13392045612022
GOES 15                 
1 36411U 10008A   21242.52861885  .00000053  00000-0  00000-0 0  9996
2 36411   0.4590 275.4887 0002582 166.2199 319.2659  1.00273079 42119
COMS 1                  
1 36744U 10032A   21242.51507719 -.00000347  00000-0  00000-0 0  9991
2 36744   0.3977  95.8248 0000833  85.9167 110.7693  1.00272352 33520
FENGYUN 3B              
1 37214U 10059A   21242.44227083 -.00000002  00000-0  22421-4 0  9991
2 37214  99.0833 237.9723 0018021 103.1500 257.1687 14.15996146559805
SUOMI NPP               
1 37849U 11061A   21242.53167406  .00000031  00000-0  35375-4 0  9994
2 37849  98.7391 180.2257 0001568  85.4942  25.3310 14.19541134509929
FENGYUN 2F              
1 38049U 12002A   21242.79831233 -.00000360  00000-0  00000+0 0  9995
2 38049   3.0872  81.7255 0001566  39.1792 257.8976  1.00270618 35325
METEOSAT-10 (MSG-3)     
1 38552U 12035B   21242.40118872  .00000058  00000-0  00000-0 0  9999
2 38552   1.2284  17.9568 0001492 190.5480 284.0665  1.00267314 33293
METOP-B                 
1 38771U 12049A   21242.79188385  .00000006  00000-0  22624-4 0  9998
2 38771  98.7088 301.9065 0001961 127.1463 342.5201 14.21491279464431
FENGYUN 3C              
1 39260U 13052A   21242.40691446  .00000010  00000-0  26189-4 0  9997
2 39260  98.4931 279.7111 0011904  38.6536 321.5492 14.15876309410735
METEOR-M 2              
1 40069U 14037A   21242.52607089 -.00000006  00000-0  16413-4 0  9998
2 40069  98.4571 268.2624 0006990  87.3391 272.8586 14.20687453370558
HIMAWARI-8              
1 40267U 14060A   21242.51688352 -.00000278  00000-0  00000-0 0  9997
2 40267   0.0368 268.2649 0000642 274.8760 122.5130  1.00273050 25190
FENGYUN 2G              
1 40367U 14090A   21242.50868501 -.00000304  00000-0  00000-0 0  9996
2 40367   1.2079  92.0799 0001063 245.7832 283.7677  1.00265217 24435
METEOSAT-11 (MSG-4)     
1 40732U 15034A   21242.34533355 -.00000003  00000-0  00000-0 0  9995
2 40732   0.2585 122.1725 0000617  46.8122 294.2415  1.00279187 22450
ELEKTRO-L 2             
1 41105U 15074A   21242.84479961 -.00000118  00000-0  00000+0 0  9997
2 41105   2.2605  91.6161 0002827  70.0061 107.2886  1.00272234 20954
HIMAWARI-9              
1 41836U 16064A   21242.51688352 -.00000277  00000-0  00000-0 0  9995
2 41836   0.0169 231.5577 0000560 314.5178 119.6752  1.00270794 17627
GOES 16                 
1 41866U 16071A   21242.54557829 -.00000251  00000-0  00000+0 0  9994
2 41866   0.1180  96.9669 0000962 101.9352 261.2502  1.00272419 17541
FENGYUN 4A              
1 41882U 16077A   21242.58148802 -.00000332  00000-0  00000-0 0  9990
2 41882   0.1483  89.0767 0002085  20.7565 183.1703  1.00267959 17413
CYGFM05                 
1 41884U 16078A   21242.34592595  .00001354  00000-0  72227-4 0  9997
2 41884  34.9553 212.7456 0015392   4.2399 355.8441 15.15117019260593
CYGFM04                 
1 41885U 16078B   21242.29937744  .00001406  00000-0  73864-4 0  9997
2 41885  34.9486 203.8524 0013627  17.7027 342.4158 15.15625974260616
CYGFM02                 
1 41886U 16078C   21242.29284538  .00001425  00000-0  74863-4 0  9995
2 41886  34.9577 205.9378 0014416  12.5436 347.5633 15.15625070260691
CYGFM01                 
1 41887U 16078D   21242.24027417  .00001328  00000-0  71246-4 0  9996
2 41887  34.9520 215.2620 0015879   3.2468 356.8344 15.14905778260530
CYGFM08                 
1 41888U 16078E   21242.30863478  .00001385  00000-0  73369-4 0  9990
2 41888  34.9491 208.7681 0014930  13.4199 346.6907 15.15326452260666
CYGFM06                 
1 41889U 16078F   21242.20775215  .00001424  00000-0  74825-4 0  9993
2 41889  34.9574 205.1665 0013397  11.4784 348.6232 15.15618785260628
CYGFM07                 
1 41890U 16078G   21242.18656609  .00001401  00000-0  73642-4 0  9998
2 41890  34.9510 204.1917 0013110  15.3251 344.7856 15.15614802260607
CYGFM03                 
1 41891U 16078H   21242.11830891  .00001379  00000-0  72542-4 0  9991
2 41891  34.9543 205.0020 0012643  12.7780 347.3250 15.15610411260583
FENGYUN 3D              
1 43010U 17072A   21242.77379869 -.00000012  00000-0  15226-4 0  9996
2 43010  98.7920 184.1848 0000303 281.3190  78.7956 14.19775360196538
NOAA 20                 
1 43013U 17073A   21242.82698498  .00000002  00000-0  21431-4 0  9991
2 43013  98.7224 180.3474 0001268  97.3210 262.8110 14.19552339195996
GOES 17                 
1 43226U 18022A   21242.52069726  .00000095  00000-0  00000-0 0  9992
2 43226   0.0663 286.4311 0000327 266.5679 196.1772  1.00271228 12843
FENGYUN 2H              
1 43491U 18050A   21242.50458576 -.00000130  00000-0  00000-0 0  9991
2 43491   0.4193 107.5008 0004330  41.4869  90.7561  1.00270093 11870
METOP-C                 
1 43689U 18087A   21242.45514351  .00000010  00000-0  24426-4 0  9996
2 43689  98.6798 301.6231 0003096 143.1463 216.9928 14.21504614145965
GEO-KOMPSAT-2A          
1 43823U 18100A   21242.51507719 -.00000346  00000-0  00000-0 0  9990
2 43823   0.0467 300.1217 0001256 285.5843  66.9057  1.00273135 10053
METEOR-M2 2             
1 44387U 19038A   21242.82810573 -.00000026  00000-0  77539-5 0  9997
2 44387  98.6765 201.6452 0002390  55.5559 304.5853 14.23690430112056
